000 00
000 00
001 00
001 00
010 00
010 00
011 00
011 00
100 00
100 00
101 00
101 00
110 00
110 00
111 00
111 00
000 00
000 00
001 00
001 00
010 00
010 00
011 00
011 00
100 00
100 00
101 00
101 00
110 00
110 00
111 00
111 00
000 00
000 00
001 00
001 00
010 00
010 00
011 00
011 00
100 00
100 00
101 00
101 00
110 00
110 00
111 00
111 00
000 00
000 00
001 00
001 00
010 00
010 00
011 00
011 00
100 00
100 00
101 00
101 00
110 00
110 00
111 00
111 00
